-3.70708e-05 -1.57073 -1.57078 -1.57075 -1.56873 -1.57084 -1.57088 6.55445e-19 34.2801 13.0599 0.00086721 -0.402624 0.0175727 -1.85723e-05 0.44 34.15 12.41 0.01 -0.88 0.08 0.2 0.363336 -0.145569 -0.665317 -0.0323768 -0.462218 0.0726044 0.217923 
-3.57792e-05 -1.57071 -1.57078 -1.57076 -1.56868 -1.57084 -9.03382e-05 3.13508e-19 34.2864 13.0722 0.00120353 -0.409069 0.00528318 6.41635e-06 0.43 34.15 12.41 -0.03 -0.92 0.13 0.28 0.37576 -0.155263 -0.658448 -0.0293661 -0.455137 0.116319 0.281839 
-3.45052e-05 -1.57072 -1.57078 -1.57076 -1.56837 -1.57084 1.57006 -1.8018e-18 34.2742 13.0786 0.000953486 -0.396876 -0.00115719 2.18971e-05 0.33 34.15 12.41 0.01 -0.82 0.11 0.35 0.3674 -0.17538 -0.663499 -0.0251098 -0.461459 0.100292 0.347706 
-2.81173e-05 -1.57072 -1.57078 -1.57076 -1.56861 3.0648e-05 -1.57087 1.41693e-18 34.2794 13.3584 0.00095594 -0.402099 -0.280927 -0.00294543 0.33 34.15 12.74 0 -0.88 -0.28 0.2 0.373191 -0.175442 -0.661398 -0.0136939 -0.467476 0.000886308 0.206654 
-3.1957e-05 -1.57073 -1.57078 -1.57076 -1.56866 2.38412e-05 -3.57967e-05 -4.37334e-19 34.2858 13.3584 0.000887052 -0.408511 -0.280926 -0.00935825 0.33 34.14 12.7 0 -0.88 -0.3 0.28 0.353293 -0.183563 -0.664435 -0.0145529 -0.467845 -0.0199995 0.290756 
-3.45052e-05 -1.5707 -1.57078 -1.57076 -1.56861 2.21308e-05 1.57027 -3.71784e-18 34.2735 13.3584 0.00131556 -0.396212 -0.280926 0.00294088 0.33 34.14 12.69 0 -0.78 -0.28 0.37 0.379463 -0.176613 -0.659151 -0.0187739 -0.459594 0.00586836 0.347963 
-3.1957e-05 -1.57071 -1.57079 -1.57077 -1.56877 1.57076 -1.57087 8.30092e-19 34.2787 13.095 0.00115657 -0.40152 -0.0175704 -1.8227e-05 0.44 34.15 12.45 0 -0.88 0.28 0.22 0.400356 -0.201607 -0.658901 -0.00931085 -0.456832 0.295981 0.221452 
-2.93913e-05 -1.57071 -1.57079 -1.57076 -1.56883 1.57071 -5.11207e-05 5.20078e-19 34.2852 13.0828 0.001121 -0.407973 -0.00529453 4.62395e-06 0.33 34.15 12.45 0 -0.88 0.26 0.28 0.382014 -0.20373 -0.651729 -0.00242528 -0.451317 0.267741 0.281927 
-2.81173e-05 -1.57067 -1.57079 -1.57076 -1.56879 1.57071 1.5702 -9.82558e-19 34.2729 13.0763 0.00164213 -0.395688 0.0011454 1.78978e-05 0.33 34.04 12.45 0 -0.88 0.26 0.35 0.384532 -0.165196 -0.658405 -0.0126541 -0.457505 0.255026 0.36006 
-3.57792e-05 -1.57071 -1.57079 -1.57076 0.00043155 -1.57083 -1.57088 7.22096e-20 34.1516 13.0599 0.00115543 -0.274351 -3.74007e-06 -0.00936444 0.43 33.94 12.41 0 -0.63 0.06 0.24 0.385547 -0.198261 -0.650163 -0.0156291 -0.337887 0.0612489 0.243928 
-3.06654e-05 -1.57072 -1.57079 -1.57076 0.00113923 -1.57083 -0.000143169 -4.39187e-19 34.1514 13.0722 0.00102249 -0.274055 -3.31457e-06 0.00292506 0.43 33.93 12.45 -0.04 -0.63 0.11 0.28 0.392747 -0.211624 -0.647921 -0.0296185 -0.372867 0.1101 0.273549 
-3.1957e-05 -1.57072 -1.57079 -1.57076 0.00159123 -1.57083 1.5702 -1.34276e-18 34.1512 13.0786 0.00103828 -0.273891 4.34166e-06 0.00936593 0.33 33.93 12.41 -0.04 -0.73 0.08 0.35 0.397685 -0.20798 -0.652227 -0.031457 -0.419583 0.0930499 0.341404 
-2.93913e-05 -1.57069 -1.57078 -1.57076 0.00179985 -1.36485e-05 -1.57083 2.1954e-18 33.8877 13.3584 0.00145826 -0.0104441 0.000475217 -0.00935937 0.33 33.73 12.69 0 -0.44 0.01 0.19 0.369283 -0.18019 -0.663954 -0.00744427 -0.440737 0.0130846 0.219221 
-2.81173e-05 -1.57071 -1.57078 -1.57076 0.00197985 -1.87623e-05 -6.80678e-06 7.86682e-19 33.8753 13.3584 0.00116846 0.00193829 0.000531762 0.00294396 0.43 33.73 12.74 -0.04 -0.44 0.01 0.3 0.37919 -0.195578 -0.658767 -0.0148298 -0.467008 0.000565977 0.287383 
-3.45052e-05 -1.57071 -1.57077 -1.57075 0.00208619 -2.04553e-05 1.57025 -1.13746e-18 33.869 13.3584 0.00113318 0.00839732 0.000562247 0.00935996 0.33 33.73 12.69 0 -0.4 0.01 0.35 0.367533 -0.193291 -0.659425 -0.00817744 -0.482626 0.0257535 0.332018 
-2.68432e-05 -1.57071 -1.57078 -1.57076 0.00203507 1.57077 -1.57088 3.38887e-18 33.5891 13.0951 0.00120137 0.288146 2.90131e-05 -0.00936451 0.43 33.41 12.45 -0.04 -0.2 0.3 0.24 0.379013 -0.194615 -0.636255 0.00230449 -0.474702 0.301527 0.245043 
-2.81173e-05 -1.57068 -1.57078 -1.57076 0.00204938 1.57074 -0.000119311 -2.69568e-19 33.5891 13.0828 0.0015012 0.288155 5.47563e-06 0.00292504 0.43 33.31 12.45 0 -0.2 0.28 0.26 0.387319 -0.187428 -0.638525 -0.00455275 -0.475578 0.288057 0.276358 
-2.68432e-05 -1.57071 -1.57078 -1.57075 0.00210052 1.57074 1.57021 3.5533e-19 33.5892 13.0764 0.00118047 0.288161 -7.45282e-06 0.00936597 0.43 33.41 12.45 0 -0.15 0.3 0.35 0.382867 -0.1886 -0.629702 -0.00981488 -0.484806 0.289454 0.34391 
-2.68432e-05 -1.5707 -1.57078 -1.57076 1.57093 -1.5708 -1.57085 -1.13291e-20 33.4752 13.0599 0.00126346 0.402085 -0.0175536 3.47602e-07 0.43 33.2 12.45 0 0.03 0.09 0.24 0.37637 -0.202226 -0.638449 -0.00654422 -0.315378 0.0801578 0.238132 
-2.68432e-05 -1.57071 -1.57078 -1.57075 1.57141 -1.57079 -0.000129538 -4.65868e-19 33.4687 13.0722 0.00120148 0.408659 -0.0052629 -1.34246e-06 0.33 33.31 12.45 0 0.08 0.11 0.28 0.38047 -0.201782 -0.637033 -0.0128429 -0.322669 0.11706 0.280413 
-4.85725e-05 -1.5707 -1.57078 -1.57075 1.57151 -1.57079 1.57003 -2.36852e-19 33.4809 13.0787 0.00121738 0.396401 0.00117846 -5.85488e-06 0.33 33.2 12.45 0 0.03 0.11 0.37 0.353606 -0.224827 -0.6504 -0.00460693 -0.344452 0.0976864 0.355136 
-5.23948e-05 -1.5706 -1.57077 -1.57075 1.57171 -3.42085e-06 -1.57084 -1.56638e-18 33.4753 13.3584 0.00269574 0.402084 0.280927 0.0029326 0.33 33.2 12.69 0 0.07 0.32 0.22 0.365076 -0.286603 -0.653297 -0.0109295 -0.36222 0.0382339 0.222575 
-4.47328e-05 -1.57062 -1.57077 -1.57075 1.57192 -3.42085e-06 -0.000138056 3.20178e-19 33.4689 13.3584 0.00242467 0.408514 0.280927 0.00936188 0.43 33.2 12.69 0 0.03 0.32 0.3 0.36279 -0.284481 -0.649774 -0.00510435 -0.376373 0.013799 0.282956 
-3.9619e-05 -1.57062 -1.57077 -1.57075 1.57233 -8.53466e-06 1.5701 1.08484e-18 33.4812 13.3584 0.00237444 0.39622 0.280927 -0.00293247 0.43 33.2 12.69 0 0.03 0.32 0.32 0.378673 -0.305389 -0.653823 -0.0130907 -0.398342 0.0452685 0.337337 
-3.1957e-05 -1.57063 -1.57078 -1.57075 1.57243 1.57076 -1.57087 -1.05117e-18 33.4757 13.0951 0.00214158 0.401652 0.0175625 1.38387e-05 0.33 33.2 12.45 0 -0.01 0.34 0.24 0.371105 -0.284282 -0.632126 -0.0052001 -0.407635 0.340479 0.238993 
-5.36863e-05 -1.57063 -1.57078 -1.57075 1.57247 1.57074 0 -1.68602e-18 33.4693 13.0828 0.00213918 0.408079 0.00527878 -4.05016e-06 0.43 33.09 12.45 0 -0.01 0.34 0.28 0.383878 -0.300287 -0.628751 -0.00933 -0.418009 0.340262 0.280169 
-2.81173e-05 -1.57063 -1.57078 -1.57075 1.57246 1.57072 1.57012 4.42575e-19 33.4816 13.0763 0.00217101 0.3958 -0.00115728 -1.41602e-05 0.33 33.2 12.45 0.05 -0.07 0.34 0.37 0.389259 -0.302291 -0.624832 -0.00770425 -0.40752 0.347382 0.363844 
-0.000125262 -1.57066 -1.57079 -0.000283791 -1.56864 -1.57078 -1.57088 2.03664e-18 46.9804 -0.373924 -0.000138004 -0.402669 0.0175925 -1.98977e-05 0.43 46.66 -0.54 0.33 -0.88 0 0.24 0.431776 -0.325049 -0.163987 0.348989 -0.479588 0.00194442 0.244128 
-0.000122714 -1.57067 -1.5708 -0.000258221 -1.56867 -1.57078 -2.38587e-05 1.84749e-18 46.9927 -0.380684 -5.23391e-05 -0.409097 0.00529883 7.2617e-06 0.43 46.66 -0.64 0.38 -0.89 0.07 0.28 0.430316 -0.339103 -0.199653 0.344428 -0.464157 0.0610696 0.282379 
-0.000132942 -1.57067 -1.5708 -0.000254399 -1.56866 -1.57078 1.57007 1.84078e-18 46.9991 -0.368452 -3.39162e-05 -0.396817 -0.00114247 1.97025e-05 0.43 46.56 -0.59 0.29 -0.88 0.04 0.35 0.431415 -0.351858 -0.231718 0.339878 -0.469182 0.0518398 0.35461 
-0.000126554 -1.57068 -1.5708 -0.000251834 -1.56859 -2.38587e-05 -1.57087 2.58795e-18 47.2789 -0.373698 7.43374e-05 -0.4021 -0.280924 -0.00294624 0.43 46.97 -0.69 0.29 -0.83 -0.3 0.24 0.43879 -0.315797 -0.271406 0.336511 -0.471123 -0.00773462 0.243536 
-0.000122714 -1.57069 -1.57081 -0.000253108 -1.56866 -2.55691e-05 -0.000202825 -1.20518e-18 47.2789 -0.380093 0.000108673 -0.408512 -0.280926 -0.0093586 0.43 46.97 -0.69 0.38 -0.93 -0.3 0.28 0.427004 -0.346042 -0.272189 0.343942 -0.47195 -0.0216797 0.293007 
-0.000122714 -1.57069 -1.5708 -0.000254399 -1.56863 -2.55691e-05 1.5703 -3.91499e-18 47.2789 -0.367775 7.0954e-06 -0.396211 -0.280926 0.00294196 0.43 46.87 -0.64 0.33 -0.84 -0.28 0.34 0.408897 -0.341264 -0.269434 0.352064 -0.473742 0.00267668 0.344612 
-0.000122714 -1.57069 -1.57081 -0.000236492 -1.56879 1.57078 -1.57087 -3.92861e-19 47.0155 -0.373367 8.88024e-05 -0.401502 -0.017595 -1.90675e-05 0.54 46.56 -0.64 0.33 -0.89 0.26 0.24 0.448524 -0.362331 -0.287766 0.336685 -0.453834 0.278001 0.242854 
-0.00012144 -1.5707 -1.57081 -0.000230104 -1.56883 1.57076 -2.7262e-05 4.25628e-18 47.0033 -0.379905 0.000107575 -0.407953 -0.0053064 4.42226e-06 0.43 46.65 -0.64 0.38 -0.84 0.28 0.28 0.428766 -0.348579 -0.279135 0.340874 -0.441118 0.278995 0.281648 
-0.000118874 -1.57069 -1.57081 -0.00022883 -1.5688 1.57072 1.57021 -1.34312e-18 46.9968 -0.367628 0.000107775 -0.395658 0.00112074 1.9133e-05 0.43 46.66 -0.64 0.33 -0.83 0.22 0.37 0.432771 -0.329059 -0.285706 0.338324 -0.450264 0.225255 0.360414 
-0.000115035 -1.57068 -1.5708 -0.000207101 0.00101241 -1.57082 -1.57088 -3.55868e-18 46.9804 -0.246343 6.88041e-05 -0.274085 1.4104e-05 -0.00936414 0.43 46.65 -0.59 0.38 -0.64 0.07 0.24 0.43207 -0.324532 -0.329371 0.339202 -0.360913 0.0645755 0.263943 
-0.000116326 -1.57069 -1.5708 -0.000207101 0.00139284 -1.57082 -0.000194308 -2.0672e-18 46.9927 -0.246179 8.84105e-05 -0.273924 2.1886e-05 0.00292547 0.43 46.65 -0.6 0.33 -0.69 0.11 0.28 0.426335 -0.32585 -0.31645 0.340068 -0.400814 0.105421 0.283676 
-0.00012144 -1.57069 -1.57081 -0.000200695 0.00164033 -1.57082 1.5701 -3.81244e-18 46.9991 -0.246164 0.000120272 -0.273843 3.07455e-05 0.00936596 0.43 46.55 -0.55 0.33 -0.69 0.09 0.34 0.431159 -0.355636 -0.328924 0.341051 -0.423467 0.092528 0.337642 
-0.00012144 -1.57069 -1.57081 -0.000198147 0.00194508 4.94103e-05 -1.57087 -7.10906e-20 47.2788 0.0173561 0.000134389 -0.0103282 0.000545502 -0.00935878 0.43 47.07 -0.26 0.33 -0.5 0 0.26 0.434532 -0.301022 -0.316921 0.338209 -0.430237 0.00211267 0.250699 
-0.000122714 -1.57069 -1.57081 -0.000196873 0.00193075 3.23584e-05 -0.00014488 -4.94244e-18 47.2788 0.0296287 0.000187392 0.0019614 0.000539119 0.00294291 0.43 46.86 -0.31 0.38 -0.45 -0.03 0.3 0.4276 -0.325728 -0.329694 0.339677 -0.453526 -0.0329114 0.296544 
-0.000140604 -1.57069 -1.57081 -0.000216037 0.00196962 2.04378e-05 1.57017 3.41986e-18 47.2788 0.036315 0.000172256 0.00839147 0.000549669 0.00936035 0.43 46.97 -0.31 0.33 -0.45 -0.03 0.34 0.458043 -0.333684 -0.325446 0.322825 -0.457425 -0.0121851 0.334397 
-0.000122714 -1.57069 -1.57081 -0.000195582 0.001806 1.57077 -1.57095 -1.06141e-18 47.0154 0.315685 0.00016396 0.288086 1.32428e-06 -0.009365 0.43 46.65 -0.02 0.33 -0.21 0.28 0.26 0.430961 -0.329705 -0.346858 0.341436 -0.442733 0.308767 0.253281 
-0.000120148 -1.57069 -1.57081 -0.000217328 0.00179985 1.57071 -4.43139e-05 -1.90705e-18 47.0031 0.315976 0.00016387 0.288095 -2.0752e-05 0.0029249 0.43 46.65 -0.07 0.33 -0.16 0.26 0.28 0.429838 -0.31614 -0.339052 0.339908 -0.443568 0.285213 0.28584 
-0.0001176 -1.57069 -1.57081 -0.000201987 0.0018694 1.57069 1.57009 -3.30691e-18 46.9967 0.31578 0.000164693 0.288101 -3.31366e-05 0.00936661 0.43 46.65 -0.07 0.33 -0.16 0.26 0.37 0.422525 -0.332106 -0.33928 0.341418 -0.452731 0.268142 0.353265 
-0.000116326 -1.57068 -1.5708 -0.000181532 1.57088 -1.57081 -1.57088 -9.94767e-20 46.9802 0.429505 0.000145122 0.402097 -0.0175312 9.91903e-07 0.43 46.65 0.06 0.33 0.07 0.11 0.26 0.43246 -0.313974 -0.368096 0.342892 -0.304599 0.116453 0.260182 
-0.000116326 -1.57068 -1.5708 -0.00018792 1.57098 -1.57081 -4.94277e-05 1.30245e-19 46.9925 0.436073 0.000147617 0.408562 -0.00523935 4.47097e-07 0.43 46.76 0.06 0.33 0.07 0.13 0.28 0.440884 -0.334979 -0.365515 0.33642 -0.317626 0.142121 0.28418 
-0.000120148 -1.57069 -1.5708 -0.000193033 1.57126 -1.57081 1.57012 4.83911e-19 46.999 0.423916 0.000142957 0.396355 0.00119843 -4.50483e-06 0.43 46.65 0.06 0.38 0.07 0.11 0.37 0.43044 -0.324543 -0.350863 0.341981 -0.316774 0.121196 0.363364 
-0.000118874 -1.57069 -1.57081 -0.000180258 1.57145 1.36136e-05 -1.57088 5.34015e-19 47.2787 0.429528 0.000214497 0.402083 0.280929 0.00293155 0.43 46.96 0.11 0.37 0.07 0.33 0.26 0.444815 -0.313225 -0.340927 0.337991 -0.344811 0.0357544 0.254616 
-0.000122714 -1.57068 -1.57081 -0.000181532 1.57157 -1.53414e-05 -3.40863e-05 -7.2954e-20 47.2787 0.435959 0.000199034 0.408514 0.280927 0.00936209 0.43 46.96 0.11 0.33 0.07 0.29 0.28 0.431437 -0.310927 -0.345463 0.344976 -0.3517 0.00724205 0.283481 
-0.000123988 -1.57069 -1.57081 -0.000196873 1.57165 -1.70519e-05 1.57025 -4.64545e-20 47.2787 0.42389 0.000213369 0.396223 0.280927 -0.00292909 0.43 46.96 0.11 0.33 0.02 0.31 0.36 0.429291 -0.318866 -0.342744 0.338715 -0.350369 0.0320229 0.353172 
-0.000120148 -1.57069 -1.5708 -0.000185371 1.57178 1.57073 -1.57094 -2.25896e-19 47.0153 0.429259 0.000127235 0.401794 0.017546 9.02131e-06 0.43 46.65 0.06 0.33 0.01 0.37 0.26 0.428502 -0.324931 -0.361278 0.340397 -0.366209 0.349886 0.24336 
-0.000123988 -1.57068 -1.57081 -0.000177692 1.5719 1.57072 -0.000148283 -2.63082e-18 47.003 0.435563 0.000197122 0.408201 0.00525777 -3.56295e-06 0.43 46.65 0.06 0.32 -0.02 0.35 0.28 0.4321 -0.286118 -0.376292 0.346413 -0.374715 0.362384 0.284198 
-0.0001176 -1.57069 -1.57081 -0.000172578 1.57232 1.57071 1.57008 6.71274e-19 46.9966 0.42309 0.000211482 0.395796 -0.00117856 -1.40874e-05 0.43 46.75 0.11 0.28 0.01 0.37 0.36 0.432712 -0.297928 -0.363879 0.34085 -0.376297 0.362007 0.356256 
-0.000129102 -1.57068 -1.57082 1.57072 -1.5686 -1.5708 -1.57089 -2.82189e-18 33.5437 -13.0785 -0.00150004 -0.402709 0.0175658 -2.1547e-05 0.43 33.39 -13.22 0.33 -0.85 0.05 0.26 0.43239 -0.185319 -0.102307 0.330408 -0.489605 0.0322986 0.254468 
-0.000127828 -1.57068 -1.57081 1.57073 -1.56862 -1.5708 -5.79449e-05 -5.35854e-19 33.5371 -13.0908 -0.00146504 -0.409141 0.00527501 6.91943e-06 0.43 33.29 -13.22 0.33 -0.89 0.07 0.28 0.421995 -0.190879 -0.134995 0.321414 -0.481922 0.0815475 0.286229 
-0.000129102 -1.57064 -1.57082 1.57073 -1.56861 -1.5708 1.57011 1.4912e-18 33.5494 -13.0972 -0.00203681 -0.396873 -0.00116437 2.18884e-05 0.43 33.39 -13.21 0.32 -0.89 0.07 0.36 0.426532 -0.189751 -0.143988 0.308322 -0.487906 0.0763737 0.346551 
-0.000148283 -1.57067 -1.57081 1.57072 -1.56858 3.23584e-05 -1.57087 -9.7737e-19 33.5443 -13.377 -0.00168556 -0.402101 -0.280927 -0.00294754 0.43 33.29 -13.55 0.33 -0.89 -0.29 0.21 0.433998 -0.227695 -0.180462 0.304675 -0.480949 0.00689775 0.235817 
-0.000144443 -1.57068 -1.57081 1.57073 -1.5686 1.7017e-05 -0.000245428 1.23328e-18 33.5378 -13.377 -0.00159984 -0.408512 -0.280926 -0.00935815 0.43 33.28 -13.51 0.27 -0.89 -0.31 0.3 0.43875 -0.226925 -0.163793 0.304774 -0.48043 -0.0226622 0.302877 
-0.000145718 -1.57067 -1.57081 1.57073 -1.56858 1.7017e-05 1.57015 1.57379e-18 33.5501 -13.377 -0.00166848 -0.396211 -0.280926 0.00294218 0.43 33.38 -13.55 0.28 -0.8 -0.27 0.34 0.434655 -0.231792 -0.17486 0.300625 -0.485417 0.00604177 0.338143 
-0.000145718 -1.57065 -1.57081 1.57072 -1.56871 1.57074 -1.57088 -1.94638e-18 33.5449 -13.1136 -0.00193514 -0.401432 -0.0175785 -2.11705e-05 0.43 33.29 -13.36 0.32 -0.8 0.27 0.26 0.432909 -0.193385 -0.215481 0.292385 -0.463251 0.288441 0.2651 
-0.000145718 -1.57067 -1.57081 1.57074 -1.56835 1.57073 -5.28311e-05 -7.36495e-19 33.5384 -13.1013 -0.00165144 -0.407774 -0.0052899 6.79756e-06 0.43 33.39 -13.31 0.32 -0.85 0.27 0.3 0.431653 -0.19312 -0.201388 0.287591 -0.441025 0.283842 0.285038 
-0.000143169 -1.57067 -1.57081 1.57073 -1.56862 1.5707 1.57024 -7.4306e-19 33.5507 -13.0949 -0.00163286 -0.395567 0.00113959 2.18891e-05 0.43 33.28 -13.27 0.27 -0.89 0.24 0.36 0.4339 -0.22606 -0.202516 0.285383 -0.479469 0.25465 0.359262 
-0.000148283 -1.57067 -1.57081 1.57074 0.000482688 -1.57083 -1.57084 1.4569e-19 33.6719 -13.0785 -0.00171061 -0.274242 -6.92358e-06 -0.00936432 0.43 33.49 -13.31 0.27 -0.6 0.07 0.23 0.43276 -0.215435 -0.216125 0.278452 -0.342547 0.0731328 0.257911 
-0.000193016 -1.57067 -1.57081 1.57074 0.001174 -1.57083 -8.86278e-05 3.01755e-20 33.6722 -13.0908 -0.00168122 -0.273957 -2.68279e-06 0.00292563 0.43 33.49 -13.31 0.32 -0.7 0.09 0.3 0.423092 -0.224435 -0.204687 0.296914 -0.375293 0.114365 0.290642 
-0.000153397 -1.57067 -1.57081 1.57074 0.00190417 -1.57083 1.57032 -3.27166e-20 33.6725 -13.0972 -0.00171334 -0.273682 6.55577e-06 0.00936556 0.43 33.49 -13.27 0.32 -0.7 0.09 0.36 0.435361 -0.224045 -0.192259 0.278408 -0.398774 0.0966657 0.347275 
-0.000164899 -1.57067 -1.57081 1.57073 0.00178758 3.57618e-05 -1.57086 -8.72126e-19 33.936 -13.377 -0.00162837 -0.0103424 0.000536671 -0.00935881 0.43 33.7 -13.56 0.27 -0.41 0.02 0.25 0.446303 -0.225756 -0.189391 0.282389 -0.433636 0.00274438 0.249565 
-0.000159785 -1.57068 -1.57081 1.57073 0.00184691 2.8955e-05 -0.000143169 9.69217e-19 33.9482 -13.377 -0.00159267 0.0019805 0.000552415 0.00294339 0.53 33.7 -13.51 0.27 -0.42 -0.01 0.3 0.434224 -0.246718 -0.171917 0.289474 -0.443302 -0.0108938 0.29705 
-0.000148283 -1.57068 -1.57081 1.57073 0.00192053 2.8955e-05 1.57042 1.0788e-18 33.9547 -13.377 -0.00161024 0.00842637 0.000573362 0.00935934 0.43 33.7 -13.56 0.32 -0.51 0.02 0.34 0.437869 -0.236795 -0.178418 0.290352 -0.450756 0.00617296 0.330575 
-0.000148283 -1.57068 -1.57081 1.57073 0.00174055 1.57076 -1.57088 1.42894e-18 34.2344 -13.1136 -0.0015239 0.288111 2.84377e-05 -0.0093645 0.42 34.01 -13.37 0.27 -0.12 0.31 0.25 0.433453 -0.224158 -0.23142 0.281409 -0.448853 0.305851 0.266041 
-0.000184062 -1.57068 -1.57081 1.57073 0.00171395 1.57075 -0.000178966 1.17843e-18 34.2344 -13.1013 -0.00150463 0.288111 5.06037e-06 0.00292449 0.43 34.01 -13.32 0.27 -0.13 0.31 0.27 0.42857 -0.231881 -0.212049 0.282587 -0.444059 0.319446 0.2874 
-0.000177675 -1.57068 -1.57081 1.57073 0.00194302 1.57073 1.57032 -2.57382e-18 34.2344 -13.0949 -0.0014902 0.28818 -6.56159e-06 0.00936566 0.43 34.01 -13.37 0.32 -0.17 0.27 0.36 0.43967 -0.228667 -0.240792 0.284791 -0.433078 0.280545 0.348771 
-0.000155945 -1.57068 -1.57081 1.57073 1.57105 -1.57079 -1.57088 -1.91112e-19 34.3484 -13.0785 -0.00150077 0.402175 -0.0175534 3.44252e-06 0.43 34.11 -13.32 0.27 0.06 0.07 0.25 0.434074 -0.220597 -0.234661 0.273673 -0.333883 0.101223 0.252153 
-0.000155945 -1.57068 -1.57081 1.57074 1.57131 -1.57079 -0.000177256 -2.21076e-19 34.3549 -13.0907 -0.00147058 0.408687 -0.00526427 -1.6774e-06 0.42 34.11 -13.27 0.22 0.01 0.12 0.3 0.423801 -0.22472 -0.205555 0.273069 -0.350244 0.12872 0.279251 
-0.000166173 -1.57068 -1.57081 1.57074 1.57178 -1.57079 1.57003 1.03243e-18 34.3427 -13.0972 -0.00150301 0.396532 0.00117753 -1.03003e-05 0.42 34.22 -13.32 0.23 0.06 0.12 0.34 0.424613 -0.229591 -0.21569 0.273721 -0.361785 0.11201 0.345632 
-0.000168738 -1.57066 -1.57081 1.57073 1.57214 3.74722e-05 -1.57088 -3.90059e-19 34.3484 -13.3769 -0.00177527 0.402092 0.280928 0.00293936 0.43 34.11 -13.57 0.22 -0.03 0.32 0.25 0.420744 -0.210332 -0.197066 0.27543 -0.389568 0.0364979 0.251336 
-0.000162333 -1.57067 -1.57081 1.57073 1.57226 2.04378e-05 -0.000202825 5.41995e-19 34.3548 -13.3769 -0.00167327 0.408513 0.280927 0.00936017 0.42 34.11 -13.56 0.27 0.01 0.28 0.3 0.42608 -0.228237 -0.178982 0.275774 -0.407468 0.00218339 0.293938 
-0.000163625 -1.57067 -1.57081 1.57073 1.57231 2.04378e-05 1.57013 -3.2939e-19 34.3426 -13.3769 -0.00167347 0.396217 0.280927 -0.00293539 0.42 34.11 -13.56 0.27 0.05 0.32 0.34 0.429178 -0.226433 -0.183212 0.274272 -0.405154 0.0323153 0.349926 
-0.000164899 -1.57067 -1.57081 1.57073 1.57241 1.57074 -1.57087 1.36828e-18 34.3478 -13.1136 -0.00164091 0.401575 0.0175684 1.64115e-05 0.42 34.11 -13.37 0.27 -0.08 0.38 0.25 0.432569 -0.231383 -0.232441 0.268867 -0.423027 0.3561 0.246988 
-0.000178949 -1.57067 -1.57081 1.57073 1.57245 1.57073 -0.000185773 5.64865e-19 34.3542 -13.1013 -0.00165321 0.408002 0.00528275 -4.76507e-06 0.42 34.11 -13.32 0.32 -0.08 0.38 0.27 0.416665 -0.232634 -0.215723 0.276334 -0.429189 0.37145 0.276283 
-0.000170013 -1.57067 -1.57081 1.57073 1.57251 1.57073 1.56999 -8.28292e-19 34.3419 -13.0948 -0.00158731 0.395705 -0.00115871 -1.72992e-05 0.42 34.11 -13.33 0.27 -0.04 0.36 0.34 0.419394 -0.228125 -0.236447 0.273562 -0.424615 0.368938 0.348255 
0 -1.57071 -0.000108664 5.23948e-05 -1.56855 -1.57071 -1.57083 -1.39533e-18 46.9803 -0.278265 -13.0692 -0.273631 -2.76244e-05 -0.00936422 0.22 46.73 -0.57 -13.12 -0.81 0.05 0.25 0.346769 -0.25457 -0.283077 -0.0929313 -0.500283 0.0735426 0.278001 
-3.82227e-06 -1.57072 -9.97107e-05 3.96015e-05 -1.5686 -1.57071 -0.000143169 1.31296e-18 46.9926 -0.278267 -13.0815 -0.273633 2.43244e-07 0.00292535 0.32 46.73 -0.52 -13.17 -0.76 0.1 0.3 0.344077 -0.263385 -0.294688 -0.0879249 -0.49433 0.108852 0.274555 
-3.82227e-06 -1.57072 -0.000106099 3.83274e-05 -1.56864 -1.57071 1.57035 2.91692e-18 46.9991 -0.278311 -13.088 -0.273678 1.36799e-05 0.00936541 0.22 46.73 -0.57 -13.17 -0.76 0.1 0.36 0.350934 -0.272945 -0.305069 -0.0705879 -0.473696 0.0971875 0.339023 
-7.662e-06 -1.57069 -0.000108664 6.77188e-05 -1.56873 0 -1.57093 -2.24153e-18 47.2788 -0.0149677 -13.3677 -0.0103341 0.000550068 -0.00935889 0.32 47.04 -0.32 -13.42 -0.47 0 0.25 0.341829 -0.210933 -0.303289 -0.0615686 -0.461915 0.00155787 0.25062 
-8.93609e-06 -1.57071 -0.00010739 6.2605e-05 -1.5687 -1.53414e-05 -0.000243735 2.43063e-18 47.2788 -0.00265825 -13.3677 0.00197536 0.000558433 0.00294265 0.32 47.05 -0.33 -13.42 -0.47 -0.01 0.3 0.33952 -0.234424 -0.311503 -0.0715156 -0.470058 -0.018781 0.301611 
-1.02102e-05 -1.57072 -0.00010355 5.62171e-05 -1.5687 -1.53414e-05 1.57028 -6.20921e-18 47.2788 0.0037618 -13.3677 0.00839549 0.000559982 0.00935991 0.32 47.04 -0.33 -13.46 -0.47 0 0.34 0.344238 -0.229538 -0.320983 -0.076905 -0.462919 0.0013311 0.332599 
-1.40499e-05 -1.57071 -9.97107e-05 4.08756e-05 -1.56883 1.57072 -1.57087 -1.68829e-18 47.0155 0.283481 -13.1044 0.288115 2.01749e-05 -0.00936458 0.32 46.83 0 -13.17 -0.13 0.29 0.25 0.336887 -0.240321 -0.318022 -0.0593248 -0.453508 0.289692 0.258057 
-1.40499e-05 -1.57072 -0.000102276 3.96015e-05 -1.56884 1.57071 -0.000204518 -1.97059e-18 47.0032 0.283489 -13.0921 0.288123 -1.37591e-06 0.00292405 0.32 46.83 0 -13.17 -0.18 0.29 0.3 0.34269 -0.229577 -0.313644 -0.071167 -0.451712 0.303717 0.289947 
-1.15017e-05 -1.57072 -0.000104824 4.21672e-05 -1.56887 1.5707 1.57021 -4.18449e-19 46.9967 0.283452 -13.0856 0.288086 -1.29508e-05 0.00936604 0.42 46.73 -0.04 -13.17 -0.13 0.27 0.34 0.36535 -0.254565 -0.31117 -0.0630229 -0.449558 0.284661 0.341105 
-1.40499e-05 -1.57071 -9.97107e-05 4.21672e-05 0.000269968 -1.57081 -1.57085 -3.97672e-19 46.9803 0.397489 -13.0692 0.402122 -0.0175517 1.64202e-06 0.42 46.73 0.05 -13.13 0.04 0.08 0.25 0.352145 -0.229901 -0.316926 -0.0911673 -0.334558 0.104867 0.251773 
-1.66155e-05 -1.57072 -9.84366e-05 3.83274e-05 0.000556306 -1.57081 -0.000170431 7.7752e-19 46.9926 0.404007 -13.0815 0.408641 -0.00526283 -1.13435e-06 0.32 46.73 0.09 -13.17 0.05 0.14 0.27 0.323298 -0.262206 -0.317829 -0.0781352 -0.35168 0.130089 0.277629 
-1.66155e-05 -1.57072 -0.000100985 3.96015e-05 0.000781297 -1.57081 1.57003 -1.57196e-18 46.999 0.391784 -13.0879 0.396417 0.00117892 -6.41703e-06 0.32 46.73 0.09 -13.17 0 0.12 0.34 0.376623 -0.262608 -0.303255 -0.0748823 -0.364623 0.110167 0.34867 
-1.91637e-05 -1.57072 -0.000100985 4.08756e-05 0.00140715 2.21308e-05 -1.57088 -4.01565e-18 47.2788 0.397456 -13.3677 0.40209 0.280928 0.00293781 0.42 47.04 0.05 -13.42 -0.04 0.32 0.25 0.388954 -0.250103 -0.315925 -0.0902176 -0.412146 0.0222876 0.246239 
-1.78896e-05 -1.57072 -9.97107e-05 4.21672e-05 0.00154828 1.5324e-05 -0.000199421 1.92091e-18 47.2788 0.403879 -13.3677 0.408513 0.280927 0.00936057 0.42 47.04 0.09 -13.46 0 0.28 0.3 0.400372 -0.244701 -0.323464 -0.0954224 -0.427376 0.000205165 0.289718 
-1.66155e-05 -1.57072 -0.000104824 5.4943e-05 0.00165668 6.78933e-06 1.57009 -2.44996e-18 47.2788 0.391585 -13.3677 0.396218 0.280927 -0.00293423 0.42 47.03 0.09 -13.47 -0.04 0.3 0.32 0.368964 -0.241918 -0.307742 -0.0855654 -0.430962 0.0190757 0.342742 
-1.78896e-05 -1.57071 -9.84366e-05 4.08756e-05 0.001761 1.57074 -1.57088 -4.47083e-18 47.0154 0.396964 -13.1043 0.401598 0.017562 1.56092e-05 0.42 46.72 0.05 -13.18 -0.04 0.34 0.27 0.388219 -0.240159 -0.328366 -0.0761306 -0.439062 0.330967 0.257114 
-1.66155e-05 -1.57072 -9.97107e-05 4.21672e-05 0.00179781 1.57072 -0.000136345 -3.57278e-18 47.0031 0.403393 -13.092 0.408027 0.00528055 -4.56708e-06 0.42 46.82 0.09 -13.23 -0.04 0.34 0.27 0.386001 -0.24885 -0.325353 -0.0924522 -0.446587 0.344014 0.276471 
-1.66155e-05 -1.57072 -9.97107e-05 4.47153e-05 0.00176509 1.57063 1.57016 1.47829e-18 46.9967 0.391117 -13.0856 0.395751 -0.00113451 -1.59919e-05 0.42 46.82 0.09 -13.13 -0.04 0.32 0.36 0.392405 -0.223491 -0.314005 -0.104007 -0.438867 0.323004 0.355005 
-1.66155e-05 -1.57072 -8.69349e-05 5.62171e-05 1.57086 -1.57077 -1.57088 4.33041e-19 46.9803 0.269865 -13.0692 0.274499 5.03441e-06 0.00936452 0.42 46.71 -0.05 -13.18 0 0.06 0.25 0.406888 -0.250884 -0.295026 -0.0854103 -0.288686 0.0545351 0.247035 
-1.5324e-05 -1.57072 -9.07746e-05 4.85551e-05 1.57122 -1.57077 -0.000197711 1.76648e-19 46.9926 0.269721 -13.0815 0.274355 1.04187e-05 -0.00292417 0.32 46.72 -0.05 -13.18 -0.04 0.08 0.29 0.370276 -0.267438 -0.296147 -0.0772081 -0.317181 0.0893776 0.281721 
-1.66155e-05 -1.57071 -9.33228e-05 4.47153e-05 1.57128 -1.57077 1.57009 9.80553e-19 46.999 0.269698 -13.0879 0.274332 1.0055e-05 -0.00936641 0.42 46.72 -0.05 -13.18 -0.05 0.08 0.34 0.403876 -0.271244 -0.298887 -0.0778716 -0.317967 0.0788159 0.360853 
-1.5324e-05 -1.57072 -9.07746e-05 6.13309e-05 1.57144 2.38412e-05 -1.57087 1.19063e-18 47.2788 0.00625638 -13.3677 0.0108904 -0.000155673 0.00936283 0.32 47.03 -0.33 -13.47 -0.29 0 0.25 0.392787 -0.238805 -0.311061 -0.087591 -0.325233 0.00136291 0.239391 
-1.66155e-05 -1.57072 -9.45968e-05 6.38965e-05 1.57156 1.7017e-05 -0.000182369 -6.40871e-19 47.2788 -0.00607943 -13.3677 -0.00144551 -0.000186929 -0.00293085 0.42 47.03 -0.29 -13.47 -0.29 -0.04 0.27 0.402272 -0.247933 -0.289638 -0.0881346 -0.323439 -0.0218233 0.27744 
-1.66155e-05 -1.57072 -9.45968e-05 5.4943e-05 1.57173 1.02102e-05 1.56997 -1.13179e-18 47.2788 -0.0125819 -13.3677 -0.00794797 -0.000237018 -0.00936416 0.42 47.03 -0.33 -13.52 -0.29 0 0.32 0.40921 -0.239729 -0.288462 -0.0998713 -0.333091 -0.00123113 0.352231 
-1.78896e-05 -1.57072 -9.20487e-05 4.7281e-05 1.57192 1.57074 -1.57088 -1.98499e-18 47.0154 -0.292412 -13.1043 -0.287778 -2.68235e-05 0.00936437 0.42 46.71 -0.57 -13.23 -0.62 0.32 0.25 0.406575 -0.25627 -0.304288 -0.0849373 -0.366923 0.302068 0.24646 
-1.5324e-05 -1.57072 -9.20487e-05 4.47153e-05 1.57207 1.57067 -0.000158511 2.14956e-18 47.0032 -0.292479 -13.092 -0.287845 -1.49341e-05 -0.00292513 0.42 46.82 -0.57 -13.23 -0.63 0.3 0.29 0.412005 -0.237851 -0.302378 -0.10688 -0.369204 0.296523 0.280133 
-1.78896e-05 -1.57072 -9.07746e-05 4.08756e-05 1.57225 1.57067 1.57001 2.04687e-18 46.9967 -0.29254 -13.0856 -0.287906 -7.53867e-06 -0.00936642 0.42 46.82 -0.62 -13.19 -0.63 0.3 0.36 0.407451 -0.238542 -0.309285 -0.116286 -0.382492 0.278331 0.368184 
